0.1791046 0.183544 0.6373514 
0.6193237 0.1784622 0.2022142 
0.17832 0.6513049 0.1703751 
0.1826642 0.1876596 0.6296763 
0.1791031 0.1764178 0.6444791 
0.6425803 0.1730758 0.184344 
0.1787775 0.6362475 0.184975 
0.1921867 0.6328999 0.1749135 
0.174824 0.1916979 0.6334782 
0.1803102 0.1787321 0.6409577 
0.1884707 0.1737552 0.6377742 
0.170839 0.6571932 0.1719679 
0.1843057 0.6459739 0.1697203 
0.6324203 0.1702763 0.1973034 
0.6347935 0.1754152 0.1897913 
0.1791576 0.6383244 0.1825179 
0.1742499 0.1860657 0.6396844 
0.1794215 0.6447996 0.1757789 
0.1626906 0.6420813 0.1952281 
0.1946352 0.1744696 0.6308952 
0.1587416 0.1811744 0.660084 
0.1921903 0.1718028 0.6360069 
0.1760395 0.6475943 0.1763662 
0.1791766 0.6431179 0.1777055 
0.1812374 0.6489279 0.1698348 
0.1900764 0.1730367 0.6368869 
0.1937529 0.1775993 0.6286479 
0.6396303 0.1958876 0.1644821 
0.646118 0.1746801 0.1792019 
0.634877 0.1751371 0.1899859 
0.1848124 0.1817377 0.6334499 
0.1741698 0.6668747 0.1589555 
0.1870222 0.6329498 0.180028 
0.1659719 0.1854966 0.6485315 
0.1729312 0.1837033 0.6433655 
0.1797088 0.6558827 0.1644084 
0.1781798 0.6482102 0.17361 
0.1698161 0.1895306 0.6406534 
0.6298876 0.1851277 0.1849847 
0.157413 0.6577104 0.1848766 
0.1869509 0.6398853 0.1731638 
0.6289774 0.1872371 0.1837855 
0.1722778 0.1917213 0.6360009 
0.1759507 0.1867615 0.6372878 
0.1703532 0.1785448 0.651102 
0.1863832 0.633113 0.1805038 
0.6477205 0.1716351 0.1806444 
0.6373421 0.1871346 0.1755233 
0.1789602 0.1772889 0.6437509 
0.6359061 0.1756114 0.1884826 
0.1898773 0.6465815 0.1635412 
0.6286977 0.1818212 0.1894811 
0.1675671 0.6487054 0.1837275 
0.1674591 0.6405437 0.1919972 
0.6410344 0.1752394 0.1837262 
0.6298998 0.1795465 0.1905537 
0.6449186 0.1739883 0.1810931 
0.1775186 0.1807973 0.6416841 
0.1754863 0.1839625 0.6405512 
0.6352531 0.1853569 0.1793899 
0.6467278 0.1773926 0.1758795 
0.1834482 0.6430847 0.1734671 
0.6449742 0.1809961 0.1740297 
0.1814806 0.6457936 0.1727258 
0.1661144 0.1951943 0.6386913 
0.1822818 0.1871163 0.6306019 
0.1879329 0.6466523 0.1654148 
0.6511618 0.1636834 0.1851548 
0.6431803 0.1853806 0.1714391 
0.1579161 0.1998986 0.6421853 
0.1976669 0.6399006 0.1624325 
0.1599342 0.1784764 0.6615894 
0.1742685 0.6409467 0.1847848 
0.6372358 0.193171 0.1695932 
0.1845747 0.1814252 0.6340001 
0.1850354 0.1763359 0.6386287 
0.6546637 0.174176 0.1711603 
0.1908652 0.1729529 0.6361819 
0.1854224 0.1695624 0.6450152 
0.1700829 0.6456329 0.1842842 
0.1723356 0.6398957 0.1877687 
0.1636929 0.6486814 0.1876257 
0.6505571 0.1834404 0.1660025 
0.1723297 0.1769639 0.6507064 
0.1796914 0.6466081 0.1737005 
0.1663202 0.6460425 0.1876373 
0.1805836 0.630752 0.1886645 
0.1736975 0.1812008 0.6451017 
0.1828597 0.6445863 0.172554 
0.1842938 0.6428457 0.1728605 
0.1988338 0.1733078 0.6278583 
0.632703 0.1827572 0.1845397 
0.1725496 0.1651662 0.6622843 
0.1872846 0.6251015 0.1876139 
0.6502739 0.1715393 0.1781868 
0.1875982 0.6352948 0.1771069 
0.1871021 0.1662161 0.6466817 
0.1739107 0.6492478 0.1768415 
0.1968627 0.631918 0.1712193 
0.1757149 0.6352557 0.1890294 
