0.1833836 0.2144245 0.003719784 0.02755442 0.1588266 0.4120911 
0.004095791 0.1796955 0.2118787 0.1572883 0.01952403 0.4275176 
0.1522294 0.02362124 0.1903848 0.1807334 0.4471103 0.005920939 
0.1480312 0.490276 0.01740329 0.1889869 0.002842814 0.1524597 
0.1546719 0.1918738 0.4772652 0.01619093 0.1563832 0.003614974 
0.002884541 0.1329841 0.1546925 0.2002285 0.02426368 0.4849466 
0.4484953 0.01704162 0.1892813 0.1806016 0.005792489 0.1587876 
0.003816428 0.1753561 0.4716175 0.0164213 0.1812515 0.1515372 
0.01718031 0.2012192 0.1903704 0.1523405 0.004339746 0.4345499 
0.1542623 0.5018325 0.1321234 0.01835114 0.1895382 0.003892523 
0.165894 0.003996792 0.4807569 0.1787899 0.01879167 0.1517706 
0.005364466 0.0208078 0.1968618 0.4372429 0.1798479 0.1598752 
0.1509429 0.1652675 0.4735242 0.1826043 0.02294307 0.004718049 
0.003719997 0.1525886 0.4728133 0.1844789 0.1674142 0.01898503 
0.1410021 0.1530796 0.4869897 0.01847026 0.004106754 0.1963515 
0.01889164 0.1507593 0.4744589 0.1620107 0.004406977 0.1894725 
0.004506941 0.1417853 0.02087617 0.1613824 0.4837843 0.1876649 
0.004835567 0.01395762 0.5160481 0.1217479 0.1918654 0.1515454 
0.1509855 0.488004 0.01920568 0.005317969 0.1532039 0.1832829 
0.01893989 0.1548562 0.004532445 0.1912278 0.5050524 0.1253913 
0.02202302 0.1880223 0.4737829 0.003962293 0.1667603 0.145449 
0.006253523 0.136003 0.1394648 0.5162233 0.1818713 0.02018407 
0.4972049 0.006264602 0.02204867 0.1434467 0.1485071 0.1825281 
0.01870536 0.2025485 0.1807507 0.003766224 0.1454498 0.4487795 
0.1448196 0.002818974 0.1765501 0.2282215 0.01642438 0.4311654 
0.1456514 0.4209229 0.2269286 0.004115843 0.1874769 0.01490444 
0.1581861 0.02044531 0.1870759 0.2308612 0.005615153 0.3978163 
0.1974769 0.02084768 0.003550286 0.1603711 0.4271837 0.1905703 
0.2020327 0.004880469 0.1612294 0.4262532 0.01929264 0.1863116 
0.1632287 0.190842 0.4752671 0.004604478 0.1467303 0.01932746 
0.4566504 0.003028466 0.01751299 0.1921678 0.1470446 0.1835957 
0.1461259 0.1488303 0.4890244 0.1866892 0.007293711 0.02203655 
0.004328303 0.01739535 0.1876757 0.1449289 0.1741755 0.4714962 
0.1490768 0.1763427 0.1439596 0.003670258 0.5132878 0.01366277 
0.1987593 0.02203178 0.1522805 0.4423266 0.1805556 0.004046197 
0.1567494 0.1666736 0.1806307 0.4710098 0.02007458 0.004861866 
0.1790094 0.4634086 0.01829376 0.1854983 0.1506277 0.003162156 
0.1784065 0.1328073 0.2024205 0.004659779 0.01717067 0.4645353 
0.4203842 0.1455811 0.02087965 0.2143517 0.1950852 0.003718172 
0.1843729 0.1435551 0.1839043 0.4632679 0.006402499 0.0184973 
0.1970039 0.179415 0.4434 0.1543842 0.007493143 0.01830362 
0.02275437 0.1780451 0.003616719 0.3942692 0.1585801 0.2427346 
0.1447567 0.1847242 0.01950445 0.2009042 0.003971024 0.4461394 
0.1790669 0.01548924 0.4981107 0.004153347 0.1623672 0.1408126 
0.01599385 0.005632462 0.4914367 0.150286 0.1834937 0.1531574 
0.006360681 0.1782638 0.1687335 0.02117154 0.1533944 0.472076 
0.1853192 0.0196277 0.1409224 0.1855973 0.4646024 0.003930962 
0.1588338 0.00408406 0.1461458 0.4834651 0.188217 0.0192542 
0.1562725 0.4801987 0.1499312 0.1911919 0.01732093 0.005084835 
0.4737278 0.182012 0.1740771 0.1474622 0.003631866 0.01908902 
0.004322041 0.1801586 0.4615933 0.02085251 0.1447534 0.1883201 
0.005028333 0.1631861 0.4705185 0.1481726 0.02081999 0.1922745 
0.02060147 0.4727698 0.004460566 0.145712 0.192819 0.1636371 
0.004000472 0.1181009 0.1477346 0.01701528 0.5155512 0.1975976 
0.003304918 0.1545951 0.1513509 0.1819655 0.01798317 0.4908004 
0.004462152 0.4621064 0.1851575 0.1525624 0.02050908 0.1752025 
0.4841714 0.02019321 0.1500519 0.1553323 0.00484761 0.1854036 
0.1458723 0.4848402 0.01685634 0.1452108 0.2026691 0.004551218 
0.01888251 0.003229641 0.1774392 0.4835027 0.1537894 0.1631566 
0.02285882 0.1854967 0.1799954 0.005738846 0.4482309 0.1576793 
0.1879957 0.1526245 0.1767156 0.004662601 0.4579413 0.02006027 
0.02075398 0.4723056 0.004162499 0.1458253 0.1887423 0.1682103 
0.1481277 0.02202691 0.006765402 0.1636114 0.473261 0.1862076 
0.1855771 0.4603911 0.1479592 0.1791817 0.02364141 0.003249513 
0.1577943 0.1958576 0.01742535 0.00522432 0.4162712 0.2074272 
0.1462831 0.4005318 0.003225493 0.1798472 0.2535012 0.01661118 
0.4289468 0.1522752 0.1803787 0.2191014 0.003408031 0.01588986 
0.1997757 0.4346422 0.002941217 0.01538177 0.185313 0.1619461 
0.004074518 0.1878 0.2040731 0.0201832 0.153002 0.4308672 
0.1462543 0.02228398 0.1962142 0.448514 0.004082722 0.1826507 
0.1510421 0.1825223 0.004551434 0.1860722 0.0199278 0.4558842 
0.003395318 0.1513818 0.01750743 0.4574321 0.187483 0.1828004 
0.1775079 0.1868308 0.1445096 0.01908555 0.00308517 0.4689809 
0.1857121 0.02441239 0.1506016 0.1852539 0.4494411 0.004578909 
0.470812 0.02103409 0.1639834 0.1832799 0.1559808 0.004909894 
0.002952965 0.0254553 0.1597878 0.1822776 0.4276902 0.2018361 
0.02312728 0.4310987 0.2174395 0.1790993 0.1453828 0.003852445 
0.4808499 0.02109874 0.003877482 0.1895365 0.1588336 0.1458038 
0.01955586 0.1626602 0.003972509 0.4682795 0.1826096 0.1629224 
0.005020711 0.145219 0.1638251 0.1816197 0.48539 0.0189255 
0.1992618 0.004159506 0.01740022 0.4502074 0.1795728 0.1493983 
0.01660629 0.4475036 0.1506423 0.003647391 0.1852232 0.1963772 
0.1678864 0.1767661 0.004035182 0.4736154 0.01804503 0.1596519 
0.007275614 0.4623955 0.1833673 0.1793009 0.01761463 0.1500461 
0.02365438 0.2114056 0.1516527 0.430742 0.1784559 0.004089356 
0.1885698 0.005459591 0.1954758 0.4375096 0.1538897 0.01909538 
0.005168921 0.4789326 0.1594467 0.01931636 0.166276 0.1708594 
0.4989317 0.150715 0.1719597 0.1565273 0.01941349 0.002452786 
0.1873203 0.005939824 0.4775919 0.167071 0.02149299 0.140584 
0.4654102 0.1817881 0.01710907 0.1538858 0.003392379 0.1784145 
0.2060814 0.4364357 0.185845 0.02369461 0.003884519 0.1440587 
0.01762733 0.2208293 0.1915527 0.4237567 0.1418377 0.004396339 
0.01747507 0.1436664 0.1882334 0.00585594 0.1707565 0.4740127 
0.198477 0.01956959 0.1482979 0.1774079 0.003653671 0.452594 
0.003762258 0.02100339 0.4611166 0.1830431 0.1533711 0.1777036 
0.003250679 0.01833678 0.1811258 0.1459922 0.465776 0.1855185 
0.4304772 0.02195053 0.1815156 0.1562322 0.004686501 0.205138 
0.005531975 0.4630053 0.183671 0.1475092 0.1816431 0.01863947 
0.1699572 0.1900094 0.1466204 0.02299841 0.4658497 0.00456481 
0.4319619 0.2132936 0.01598223 0.183787 0.003367553 0.1516076 
